Event number: 0
--------------------------------------------------------------------------------------------------------------
index |     pID |  mID |    E (GeV) |            StartVertex xyz         |           Momentum xyz
   0  |    2212 |   -1 |    10.044  |  (    0.000,     0.000,     0.000) |  (    0.000,     0.000,    10.000)
   1  |    2212 |    0 |     1.048  |  (    0.005,     0.005,    12.452) |  (    0.298,    -0.098,     0.346)
   2  |    -211 |    0 |     0.702  |  (    0.005,     0.005,    12.452) |  (   -0.414,     0.139,     0.531)
   3  |     111 |    2 |     0.229  |  (  -21.992,     6.880,    39.319) |  (   -0.140,     0.097,    -0.071)
   4  |      22 |    3 |     0.188  |  (  -21.992,     6.880,    39.319) |  (   -0.164,     0.083,    -0.041)
   5  |     -11 |    4 |     0.161  |  (  -77.193,    34.814,    25.355) |  (   -0.141,     0.069,    -0.036)
   6  |    2112 |    2 |     1.048  |  (  -21.992,     6.880,    39.319) |  (   -0.006,     0.380,    -0.267)
   7  |    2112 |    0 |     1.338  |  (    0.005,     0.005,    12.452) |  (   -0.336,    -0.013,     0.892)
   8  |    2112 |    7 |     1.082  |  (   -4.267,    -0.176,    21.099) |  (    0.232,    -0.262,     0.406)
   9  |    2112 |    7 |     1.173  |  (   -4.267,    -0.176,    21.099) |  (   -0.436,     0.261,     0.485)
  10  |    -211 |    0 |     0.611  |  (    0.005,     0.005,    12.452) |  (    0.213,     0.263,     0.489)
  11  |    -211 |   10 |     0.566  |  (    2.848,     3.545,    18.850) |  (    0.219,     0.323,     0.385)
  12  |     111 |   11 |     0.446  |  (    8.231,    11.429,    28.596) |  (   -0.137,     0.289,     0.279)
  13  |      22 |   12 |     0.380  |  (    8.231,    11.429,    28.596) |  (   -0.165,     0.249,     0.235)
  14  |     -11 |   13 |     0.284  |  (    3.457,    18.654,    35.400) |  (   -0.123,     0.186,     0.176)
  15  |      22 |   14 |     0.135  |  (    3.083,    19.243,    35.937) |  (   -0.057,     0.091,     0.081)
  16  |     -11 |   15 |     0.115  |  (   -1.338,    26.256,    42.230) |  (   -0.049,     0.076,     0.070)
  17  |    2212 |    0 |     7.279  |  (    0.005,     0.005,    12.452) |  (    0.301,    -0.270,     7.207)
  18  |     211 |   17 |     0.483  |  (    2.379,    -2.337,    73.244) |  (   -0.000,    -0.224,     0.405)
  19  |     111 |   18 |     0.293  |  (    2.302,   -18.036,   102.133) |  (   -0.204,     0.088,     0.133)
  20  |      22 |   19 |     0.230  |  (    2.302,   -18.036,   102.133) |  (   -0.187,     0.028,     0.131)
  21  |      11 |   20 |     0.208  |  (   -6.488,   -16.704,   108.264) |  (   -0.172,     0.026,     0.114)
  22  |    2112 |   17 |     6.529  |  (    2.379,    -2.337,    73.244) |  (    0.214,    -0.043,     6.457)
  23  |     111 |   22 |     0.194  |  (    3.346,    -2.530,   102.417) |  (   -0.105,    -0.062,    -0.067)
  24  |      22 |   23 |     0.133  |  (    3.346,    -2.530,   102.417) |  (   -0.124,    -0.007,    -0.049)
  25  |    2112 |   22 |     1.078  |  (    3.346,    -2.530,   102.417) |  (    0.122,    -0.443,     0.262)
  26  |    2112 |   22 |     1.079  |  (    3.346,    -2.530,   102.417) |  (    0.379,     0.189,    -0.319)
  27  |    2212 |   22 |     1.142  |  (    3.346,    -2.530,   102.417) |  (    0.020,     0.397,     0.516)
  28  |    2212 |   22 |     1.143  |  (    3.346,    -2.530,   102.417) |  (    0.561,    -0.087,     0.324)
  29  |    2212 |   22 |     1.153  |  (    3.346,    -2.530,   102.417) |  (    0.559,     0.350,     0.118)
  30  |    2212 |   29 |     1.072  |  (    8.872,     1.056,   103.622) |  (    0.474,     0.169,     0.124)
  31  |    2212 |   22 |     1.193  |  (    3.346,    -2.530,   102.417) |  (    0.068,     0.170,     0.713)
  32  |    2112 |   22 |     1.303  |  (    3.346,    -2.530,   102.417) |  (   -0.518,    -0.528,     0.517)
  33  |    2112 |   32 |     1.080  |  (  -52.806,   -44.671,   152.820) |  (   -0.425,     0.048,     0.318)
  34  |    2112 |   32 |     1.119  |  (  -52.806,   -44.671,   152.820) |  (   -0.106,    -0.572,     0.177)
  35  |    2212 |   34 |     1.050  |  (  -68.019,   -88.852,   160.841) |  (   -0.227,    -0.302,     0.281)
  36  |    -211 |   22 |     1.551  |  (    3.346,    -2.530,   102.417) |  (   -0.759,    -0.080,     1.343)
  37  |    -211 |   36 |     1.211  |  (  -33.914,    -5.803,   168.237) |  (   -0.558,    -0.078,     1.063)
  38  |    -211 |   37 |     0.322  |  (  -36.893,    -6.216,   173.998) |  (   -0.272,    -0.055,    -0.085)
  39  |    2112 |   37 |     1.555  |  (  -36.893,    -6.216,   173.998) |  (   -0.359,    -0.240,     1.162)
  40  |    2112 |   39 |     1.374  |  (  -37.044,    -6.317,   174.485) |  (   -0.060,    -0.290,     0.957)
  41  |    2112 |   40 |     1.295  |  (  -37.702,    -9.496,   184.989) |  (   -0.178,    -0.097,     0.867)
  42  |    2212 |   41 |     1.286  |  (  -38.619,    -9.994,   189.448) |  (   -0.155,    -0.211,     0.839)
  43  |    2212 |   22 |     2.936  |  (    3.346,    -2.530,   102.417) |  (    0.202,    -0.003,     2.775)
  44  |    2212 |   43 |     1.130  |  (    3.460,    -2.531,   104.017) |  (   -0.194,     0.073,     0.594)
  45  |    2112 |   43 |     1.179  |  (    3.460,    -2.531,   104.017) |  (    0.345,    -0.005,     0.624)
  46  |    2112 |   45 |     1.097  |  (   21.202,    -2.801,   136.161) |  (    0.318,    -0.209,     0.420)
  47  |    2112 |   46 |     1.071  |  (   23.171,    -4.096,   138.761) |  (    0.262,    -0.046,     0.439)
  48  |    2112 |   47 |     1.048  |  (   35.286,    -6.218,   159.076) |  (    0.099,    -0.358,     0.278)
  49  |     211 |   43 |     1.560  |  (    3.460,    -2.531,   104.017) |  (    0.047,    -0.068,     1.551)
  50  |     211 |   49 |     0.305  |  (    5.448,    -3.631,   160.386) |  (    0.101,    -0.015,     0.251)
  51  |      14 |   50 |       nan  |  (    6.794,    -3.783,   162.767) |  (    0.078,    -0.026,     0.058)
  52  |     111 |   49 |     0.397  |  (    5.448,    -3.631,   160.386) |  (    0.118,    -0.289,     0.205)
  53  |      22 |   52 |     0.132  |  (    5.448,    -3.631,   160.386) |  (    0.094,    -0.085,     0.038)
  54  |      11 |   53 |     0.129  |  (   52.978,   -46.633,   179.411) |  (    0.092,    -0.083,     0.037)
  55  |      22 |   52 |     0.265  |  (    5.448,    -3.631,   160.386) |  (    0.024,    -0.204,     0.167)
  56  |      11 |   55 |     0.241  |  (   14.648,   -82.156,   224.685) |  (    0.021,    -0.185,     0.152)
  57  |     111 |   49 |     0.410  |  (    5.448,    -3.631,   160.386) |  (   -0.061,     0.279,     0.261)
  58  |      22 |   57 |     0.311  |  (    5.448,    -3.631,   160.386) |  (   -0.074,     0.184,     0.240)
  59  |      11 |   58 |     0.223  |  (  -55.504,   147.527,   357.716) |  (   -0.045,     0.134,     0.173)
  60  |      22 |   59 |     0.132  |  (  -84.250,   262.012,   498.448) |  (   -0.023,     0.082,     0.101)
  61  |      11 |   60 |     0.132  |  (  -90.872,   285.324,   526.973) |  (   -0.024,     0.083,     0.100)
  62  |     211 |    0 |     0.721  |  (    0.005,     0.005,    12.452) |  (   -0.194,     0.006,     0.681)
  63  |    2112 |   62 |     1.042  |  (  -11.959,     1.013,    54.572) |  (   -0.056,     0.242,    -0.375)
  64  |    2212 |   62 |     1.106  |  (  -11.959,     1.013,    54.572) |  (   -0.297,    -0.136,     0.486)
--------------------------------------------------------------------------------------------------------------

Event number: 1
--------------------------------------------------------------------------------------------------------------
index |     pID |  mID |    E (GeV) |            StartVertex xyz         |           Momentum xyz
   0  |    2212 |   -1 |    10.044  |  (    0.000,     0.000,     0.000) |  (   -0.000,     0.000,    10.000)
   1  |    2112 |    0 |     1.640  |  (    0.005,    -0.005,     7.300) |  (   -0.190,     0.333,     1.289)
   2  |    2212 |    1 |     1.200  |  (   -0.860,     1.509,    13.163) |  (   -0.269,    -0.046,     0.696)
   3  |    2112 |    1 |     1.306  |  (   -0.860,     1.509,    13.163) |  (    0.276,     0.502,     0.704)
   4  |    2212 |    3 |     1.263  |  (   12.456,    25.719,    47.129) |  (    0.022,     0.590,     0.604)
   5  |     111 |    0 |     0.420  |  (    0.005,    -0.005,     7.300) |  (   -0.039,     0.278,     0.283)
   6  |      22 |    5 |     0.195  |  (    0.005,    -0.005,     7.300) |  (   -0.076,     0.147,     0.103)
   7  |     -11 |    6 |     0.174  |  (   -9.845,    18.923,    20.589) |  (   -0.069,     0.131,     0.092)
   8  |      22 |    5 |     0.225  |  (    0.005,    -0.005,     7.300) |  (    0.038,     0.131,     0.179)
   9  |      11 |    8 |     0.158  |  (    0.116,     0.380,     7.827) |  (    0.026,     0.093,     0.125)
  10  |    -211 |    0 |     1.030  |  (    0.005,    -0.005,     7.300) |  (    0.086,     0.136,     1.008)
  11  |    2112 |   10 |     1.076  |  (    1.898,     4.256,    36.987) |  (    0.054,     0.052,     0.519)
  12  |     111 |   10 |     0.377  |  (    1.898,     4.256,    36.987) |  (   -0.209,    -0.117,     0.259)
  13  |      22 |   12 |     0.171  |  (    1.898,     4.256,    36.987) |  (   -0.148,    -0.039,     0.078)
  14  |     -11 |   13 |     0.158  |  (   -9.999,     1.081,    43.281) |  (   -0.136,    -0.036,     0.072)
  15  |      22 |   12 |     0.206  |  (    1.898,     4.256,    36.987) |  (   -0.061,    -0.077,     0.181)
  16  |     -11 |   15 |     0.142  |  (   -1.813,    -0.416,    47.924) |  (   -0.041,    -0.054,     0.124)
  17  |     211 |    0 |     1.501  |  (    0.005,    -0.005,     7.300) |  (    0.264,    -0.330,     1.433)
  18  |     211 |   17 |     0.425  |  (    5.842,    -6.865,    38.319) |  (   -0.356,    -0.161,    -0.092)
  19  |     211 |   18 |     0.354  |  (   -0.666,    -9.653,    36.637) |  (   -0.256,    -0.105,     0.173)
  20  |    2212 |   17 |     1.812  |  (    5.842,    -6.865,    38.319) |  (    0.666,    -0.113,     1.396)
  21  |     111 |   20 |     0.217  |  (   15.716,    -8.672,    58.915) |  (    0.139,     0.094,    -0.022)
  22  |      22 |   21 |     0.107  |  (   15.716,    -8.672,    58.915) |  (    0.032,     0.092,    -0.044)
  23  |      22 |   21 |     0.109  |  (   15.716,    -8.672,    58.915) |  (    0.107,     0.002,     0.022)
  24  |    2112 |   20 |     1.358  |  (   15.716,    -8.672,    58.915) |  (    0.538,     0.210,     0.792)
  25  |    2112 |   24 |     1.150  |  (   27.202,    -4.186,    75.842) |  (    0.507,     0.043,     0.426)
  26  |    2112 |   25 |     1.073  |  (   33.173,    -3.684,    80.859) |  (    0.445,    -0.264,    -0.005)
  27  |    -211 |    0 |     0.674  |  (    0.005,    -0.005,     7.300) |  (   -0.168,    -0.124,     0.626)
  28  |     111 |   27 |     0.510  |  (   -7.158,    -5.482,    34.819) |  (    0.219,     0.048,     0.437)
  29  |      22 |   28 |     0.493  |  (   -7.158,    -5.482,    34.819) |  (    0.207,     0.057,     0.444)
  30  |     -11 |   29 |     0.475  |  (   -3.065,    -4.355,    43.603) |  (    0.199,     0.055,     0.427)
  31  |      22 |   30 |     0.102  |  (    2.171,    -2.804,    54.457) |  (    0.043,     0.014,     0.091)
  32  |     211 |    0 |     0.320  |  (    0.005,    -0.005,     7.300) |  (    0.189,     0.197,    -0.090)
  33  |    2212 |   32 |     1.076  |  (    1.111,     1.146,     6.798) |  (    0.487,    -0.121,    -0.159)
  34  |    2212 |   32 |     1.088  |  (    1.111,     1.146,     6.798) |  (   -0.319,     0.442,     0.075)
  35  |    2112 |    0 |     1.140  |  (    0.005,    -0.005,     7.300) |  (   -0.231,    -0.404,     0.449)
  36  |    2112 |   35 |     1.075  |  (  -15.607,   -27.343,    37.668) |  (    0.000,    -0.312,     0.420)
  37  |    2212 |    0 |     4.741  |  (    0.005,    -0.005,     7.300) |  (    0.217,    -0.178,     4.639)
  38  |    2212 |   37 |     1.057  |  (    6.037,    -3.550,   104.560) |  (    0.026,     0.462,     0.147)
  39  |     111 |   37 |     0.274  |  (    6.037,    -3.550,   104.560) |  (    0.219,    -0.041,    -0.084)
  40  |      22 |   39 |     0.118  |  (    6.037,    -3.550,   104.560) |  (    0.074,    -0.081,    -0.043)
  41  |     -11 |   40 |     0.106  |  (   10.185,    -8.082,   102.132) |  (    0.067,    -0.072,    -0.039)
  42  |      22 |   39 |     0.156  |  (    6.037,    -3.550,   104.560) |  (    0.145,     0.040,    -0.041)
  43  |      11 |   42 |     0.134  |  (   53.134,     9.365,    91.407) |  (    0.125,     0.034,    -0.035)
  44  |    2112 |   37 |     1.097  |  (    6.037,    -3.550,   104.560) |  (    0.089,     0.439,     0.346)
  45  |    2112 |   44 |     1.070  |  (   12.596,    28.920,   130.135) |  (    0.140,     0.472,     0.142)
  46  |    2112 |   37 |     1.165  |  (    6.037,    -3.550,   104.560) |  (   -0.093,     0.077,     0.678)
  47  |    2112 |   46 |     1.088  |  (    5.086,    -0.154,   116.406) |  (    0.066,     0.315,     0.445)
  48  |    2112 |   47 |     1.050  |  (    8.916,    18.209,   142.329) |  (    0.241,     0.127,     0.381)
  49  |     211 |   37 |     0.611  |  (    6.037,    -3.550,   104.560) |  (    0.095,    -0.400,     0.430)
  50  |    2112 |   49 |     1.347  |  (    7.192,    -8.510,   109.792) |  (    0.383,    -0.397,     0.792)
  51  |    2112 |   50 |     1.332  |  (   35.483,   -36.017,   164.876) |  (    0.321,    -0.635,     0.621)
  52  |    2112 |   51 |     1.191  |  (   66.667,   -62.592,   183.426) |  (    0.669,    -0.279,    -0.099)
  53  |    2112 |   52 |     1.086  |  (   83.506,   -69.604,   180.926) |  (    0.407,    -0.295,    -0.210)
  54  |    2212 |   51 |     1.059  |  (   38.532,   -42.047,   170.768) |  (   -0.259,    -0.211,     0.360)
  55  |    2212 |   37 |     2.829  |  (    6.037,    -3.550,   104.560) |  (   -0.035,    -0.594,     2.601)
  56  |    2212 |   55 |     1.069  |  (    5.870,    -6.709,   118.271) |  (    0.074,    -0.016,     0.507)
  57  |    2112 |   55 |     1.076  |  (    5.870,    -6.709,   118.271) |  (   -0.090,    -0.025,    -0.515)
  58  |    2112 |   55 |     1.122  |  (    5.870,    -6.709,   118.271) |  (   -0.172,     0.029,     0.588)
  59  |    2212 |   58 |     1.120  |  (    1.297,    -5.931,   133.951) |  (   -0.199,     0.018,     0.579)
  60  |    2212 |   55 |     1.148  |  (    5.870,    -6.709,   118.271) |  (    0.537,     0.321,     0.216)
  61  |    2112 |   55 |     1.198  |  (    5.870,    -6.709,   118.271) |  (   -0.197,    -0.276,     0.661)
  62  |    2112 |   61 |     1.108  |  (    4.900,    -8.065,   121.522) |  (   -0.257,     0.109,     0.516)
  63  |    2212 |   62 |     1.051  |  (  -50.236,    16.315,   209.230) |  (   -0.410,     0.143,     0.190)
  64  |    2112 |   55 |     1.315  |  (    5.870,    -6.709,   118.271) |  (   -0.423,    -0.266,     0.773)
  65  |    2112 |   64 |     1.290  |  (  -13.335,   -18.790,   153.397) |  (   -0.410,    -0.208,     0.754)
  66  |    2212 |   65 |     1.060  |  (  -57.556,   -34.939,   223.097) |  (   -0.457,     0.128,     0.138)
  67  |    2112 |   65 |     1.120  |  (  -57.556,   -34.939,   223.097) |  (   -0.488,    -0.236,     0.278)
--------------------------------------------------------------------------------------------------------------

Event number: 2
--------------------------------------------------------------------------------------------------------------
index |     pID |  mID |    E (GeV) |            StartVertex xyz         |           Momentum xyz
   0  |    2212 |   -1 |    10.044  |  (    0.000,     0.000,     0.000) |  (   -0.000,    -0.000,    10.000)
   1  |     221 |    0 |     0.763  |  (   -0.005,     0.007,    10.497) |  (   -0.010,     0.151,     0.509)
   2  |      22 |    1 |     0.380  |  (   -0.005,     0.007,    10.497) |  (   -0.270,     0.137,     0.229)
   3  |      11 |    2 |     0.280  |  (  -27.701,    14.024,    33.943) |  (   -0.200,     0.101,     0.169)
   4  |      22 |    1 |     0.383  |  (   -0.005,     0.007,    10.497) |  (    0.261,     0.014,     0.280)
   5  |     -11 |    4 |     0.264  |  (    6.954,     0.383,    17.975) |  (    0.179,     0.010,     0.193)
   6  |      22 |    5 |     0.109  |  (    8.026,     0.453,    19.111) |  (    0.076,     0.005,     0.078)
   7  |      11 |    4 |     0.120  |  (    6.954,     0.383,    17.975) |  (    0.083,     0.005,     0.087)
   8  |     211 |    0 |     0.452  |  (   -0.005,     0.007,    10.497) |  (   -0.029,     0.008,     0.429)
   9  |    2212 |    8 |     1.100  |  (   -1.688,     0.906,    38.280) |  (   -0.326,     0.136,     0.453)
  10  |    2212 |    0 |     1.371  |  (   -0.005,     0.007,    10.497) |  (    0.051,     0.470,     0.881)
  11  |    -211 |    0 |     0.307  |  (   -0.005,     0.007,    10.497) |  (    0.004,     0.055,     0.268)
  12  |     310 |    0 |     2.648  |  (   -0.005,     0.007,    10.497) |  (    0.169,     0.248,     2.583)
  13  |     211 |   12 |     0.645  |  (    0.679,     1.009,    20.951) |  (   -0.119,     0.076,     0.614)
  14  |    2112 |   13 |     1.073  |  (   -5.187,     5.058,    51.025) |  (   -0.036,     0.211,     0.473)
  15  |    2112 |   14 |     1.052  |  (   -7.241,    16.478,    77.074) |  (   -0.107,     0.141,     0.439)
  16  |    -211 |   12 |     2.003  |  (    0.679,     1.009,    20.951) |  (    0.288,     0.171,     1.969)
  17  |    2212 |   16 |     1.071  |  (    8.083,     6.193,    71.705) |  (   -0.305,    -0.351,     0.224)
  18  |    -211 |   16 |     1.597  |  (    8.083,     6.193,    71.705) |  (    0.390,     0.537,     1.445)
  19  |    -211 |   18 |     1.052  |  (   78.453,   131.014,   354.594) |  (    0.597,     0.494,     0.697)
  20  |    -211 |   19 |     0.873  |  (   89.310,   140.232,   367.843) |  (    0.503,     0.140,     0.685)
  21  |    -211 |   20 |     0.739  |  (   94.050,   141.561,   374.513) |  (    0.597,     0.345,     0.228)
  22  |    2212 |   21 |     1.105  |  (  118.061,   155.253,   383.614) |  (   -0.570,     0.097,     0.082)
  23  |    2112 |   21 |     1.113  |  (  118.061,   155.253,   383.614) |  (    0.593,     0.059,    -0.021)
  24  |    2112 |   23 |     1.095  |  (  165.079,   158.886,   381.704) |  (    0.550,    -0.094,     0.073)
  25  |    3122 |    0 |     2.795  |  (   -0.005,     0.007,    10.497) |  (   -0.344,    -0.520,     2.486)
  26  |    2112 |   25 |     2.567  |  (   -0.920,    -1.378,    17.116) |  (   -0.378,    -0.487,     2.308)
  27  |    2112 |   26 |     1.041  |  (   -3.403,    -4.581,    32.296) |  (    0.129,    -0.360,     0.235)
  28  |    2212 |   26 |     1.249  |  (   -3.403,    -4.581,    32.296) |  (   -0.526,    -0.537,     0.339)
  29  |    2212 |   26 |     1.849  |  (   -3.403,    -4.581,    32.296) |  (   -0.324,     0.667,     1.410)
  30  |     111 |   25 |     0.229  |  (   -0.920,    -1.378,    17.116) |  (    0.034,    -0.034,     0.178)
  31  |      22 |   30 |     0.149  |  (   -0.920,    -1.378,    17.116) |  (    0.072,     0.016,     0.130)
  32  |     211 |    0 |     0.284  |  (   -0.005,     0.007,    10.497) |  (   -0.119,    -0.178,     0.125)
  33  |    2112 |    0 |     2.874  |  (   -0.005,     0.007,    10.497) |  (    0.375,    -0.544,     2.635)
  34  |    -211 |   33 |     0.258  |  (    2.165,    -3.530,    26.640) |  (    0.010,    -0.206,     0.068)
  35  |    2112 |   33 |     1.397  |  (    2.165,    -3.530,    26.640) |  (   -0.455,     0.159,     0.915)
  36  |    2212 |   35 |     1.152  |  (   -5.012,    -1.013,    41.088) |  (   -0.445,     0.039,     0.496)
  37  |    2212 |   33 |     2.138  |  (    2.165,    -3.530,    26.640) |  (    0.850,    -0.442,     1.665)
  38  |    2212 |   37 |     1.135  |  (    8.935,    -6.843,    39.725) |  (   -0.118,     0.245,     0.578)
  39  |    2212 |   37 |     1.858  |  (    8.935,    -6.843,    39.725) |  (    1.034,    -0.641,     1.046)
  40  |    2212 |   39 |     1.379  |  (   52.298,   -34.549,    84.981) |  (    0.906,    -0.256,     0.370)
  41  |    2212 |   40 |     1.049  |  (   68.814,   -39.161,    91.558) |  (    0.216,     0.268,     0.319)
--------------------------------------------------------------------------------------------------------------

