Event number: 0
--------------------------------------------------------------------------------------------------------------
index |     pID |  mID |    E (GeV) |            StartVertex xyz         |           Momentum xyz
   0  |    2212 |   -1 |    10.088  |  (  -26.000,    34.000,   280.000) |  (   -0.000,    -0.000,    10.044)
   1  |    2212 |    0 |     1.043  |  (  -25.999,    33.998,   291.392) |  (    0.005,     0.266,     0.369)
   2  |    2212 |    0 |     1.041  |  (  -25.999,    33.998,   291.392) |  (   -0.051,     0.260,    -0.364)
   3  |    2212 |    0 |     1.048  |  (  -25.999,    33.998,   291.392) |  (   -0.432,    -0.160,     0.079)
   4  |    2112 |    0 |     1.227  |  (  -25.999,    33.998,   291.392) |  (   -0.330,     0.599,    -0.395)
   5  |    2112 |    4 |     1.144  |  ( -203.840,   315.753,   118.907) |  (   -0.393,     0.500,    -0.144)
   6  |    2112 |    5 |     1.043  |  ( -221.337,   337.985,   112.496) |  (   -0.440,     0.086,    -0.059)
   7  |    2212 |    0 |     1.646  |  (  -25.999,    33.998,   291.392) |  (   -0.589,    -0.463,     1.126)
   8  |    2212 |    7 |     1.315  |  (  -35.267,    26.976,   308.035) |  (   -0.245,    -0.274,     0.845)
   9  |     211 |    0 |     0.408  |  (  -25.999,    33.998,   291.392) |  (   -0.248,     0.182,     0.228)
  10  |    2212 |    9 |     1.081  |  (  -26.286,    34.223,   291.678) |  (   -0.314,     0.374,     0.224)
  11  |    2112 |    0 |     1.047  |  (  -25.999,    33.998,   291.392) |  (   -0.440,     0.138,     0.039)
  12  |    2112 |   11 |     1.043  |  (  -43.963,    39.796,   292.826) |  (   -0.314,     0.273,    -0.179)
  13  |    2212 |    0 |     1.160  |  (  -25.999,    33.998,   291.392) |  (   -0.043,     0.304,     0.608)
  14  |    -211 |    0 |     0.630  |  (  -25.999,    33.998,   291.392) |  (   -0.344,     0.095,     0.501)
  15  |    2112 |    0 |     1.148  |  (  -25.999,    33.998,   291.392) |  (    0.247,     0.390,     0.471)
  16  |    2112 |   15 |     1.062  |  (  -25.417,    34.917,   292.503) |  (    0.270,     0.407,     0.080)
  17  |    2112 |    0 |     1.306  |  (  -25.999,    33.998,   291.392) |  (    0.889,     0.124,     0.132)
  18  |     111 |    0 |     2.895  |  (  -25.999,    33.998,   291.392) |  (    0.056,    -0.214,     2.884)
  19  |      22 |   18 |     1.364  |  (  -25.999,    33.998,   291.392) |  (    0.085,    -0.068,     1.360)
  20  |     -11 |   19 |     0.144  |  (  -25.937,    33.949,   292.391) |  (    0.009,    -0.007,     0.144)
  21  |      11 |   19 |     1.220  |  (  -25.937,    33.949,   292.391) |  (    0.075,    -0.060,     1.216)
  22  |      22 |   21 |     0.250  |  (  -25.906,    33.928,   292.828) |  (    0.019,    -0.017,     0.248)
  23  |      11 |   22 |     0.153  |  (  -25.856,    33.882,   293.491) |  (    0.011,    -0.011,     0.153)
  24  |      22 |   21 |     0.595  |  (  -25.925,    33.940,   292.564) |  (    0.044,    -0.030,     0.592)
  25  |     -11 |   24 |     0.256  |  (  -25.857,    33.894,   293.491) |  (    0.019,    -0.013,     0.255)
  26  |      11 |   24 |     0.338  |  (  -25.857,    33.894,   293.491) |  (    0.025,    -0.017,     0.337)
  27  |      22 |   18 |     1.531  |  (  -25.999,    33.998,   291.392) |  (   -0.029,    -0.147,     1.524)
  28  |     -11 |   27 |     1.150  |  (  -26.016,    33.915,   292.259) |  (   -0.022,    -0.110,     1.144)
  29  |      22 |   28 |     0.109  |  (  -26.030,    33.825,   293.144) |  (   -0.003,    -0.011,     0.109)
  30  |      22 |   28 |     0.167  |  (  -26.020,    33.868,   292.711) |  (   -0.000,    -0.018,     0.166)
  31  |     -11 |   30 |     0.151  |  (  -26.022,    33.782,   293.504) |  (   -0.000,    -0.016,     0.150)
  32  |      22 |   28 |     0.602  |  (  -26.016,    33.911,   292.302) |  (   -0.012,    -0.058,     0.600)
  33  |      11 |   32 |     0.579  |  (  -26.018,    33.902,   292.391) |  (   -0.011,    -0.055,     0.576)
  34  |      22 |   33 |     0.420  |  (  -26.019,    33.897,   292.447) |  (   -0.012,    -0.038,     0.418)
  35  |      11 |   34 |     0.399  |  (  -26.048,    33.805,   293.443) |  (   -0.012,    -0.036,     0.397)
  36  |      22 |   35 |     0.201  |  (  -26.059,    33.774,   293.832) |  (   -0.004,    -0.010,     0.201)
  37  |     -11 |   36 |     0.114  |  (  -26.069,    33.747,   294.349) |  (   -0.002,    -0.004,     0.114)
  38  |      11 |   27 |     0.381  |  (  -26.016,    33.915,   292.259) |  (   -0.006,    -0.037,     0.379)
  39  |      22 |   38 |     0.361  |  (  -26.016,    33.907,   292.339) |  (   -0.003,    -0.030,     0.360)
  40  |      11 |   39 |     0.336  |  (  -26.018,    33.893,   292.517) |  (   -0.002,    -0.028,     0.335)
  41  |      22 |   40 |     0.227  |  (  -26.045,    33.852,   293.024) |  (   -0.024,    -0.007,     0.225)
  42  |     -11 |   41 |     0.142  |  (  -26.083,    33.841,   293.378) |  (   -0.015,    -0.006,     0.141)
  43  |    2112 |    0 |     1.372  |  (  -25.999,    33.998,   291.392) |  (   -0.251,    -0.412,     0.876)
  44  |    2112 |   43 |     1.066  |  (  -36.372,    15.180,   331.215) |  (    0.041,    -0.331,     0.376)
  45  |    2112 |   43 |     1.070  |  (  -36.372,    15.180,   331.215) |  (    0.124,     0.465,    -0.173)
  46  |    2212 |    0 |     1.975  |  (  -25.999,    33.998,   291.392) |  (    0.043,     0.314,     1.709)
  47  |    2212 |   46 |     1.041  |  (  -24.271,    37.530,   311.350) |  (   -0.032,     0.251,     0.373)
  48  |    2212 |   46 |     1.084  |  (  -24.271,    37.530,   311.350) |  (    0.212,    -0.303,     0.398)
  49  |    2112 |   46 |     1.261  |  (  -24.271,    37.530,   311.350) |  (    0.228,     0.695,     0.416)
  50  |    2112 |   49 |     1.158  |  (  -20.423,    49.264,   318.381) |  (    0.259,     0.414,     0.468)
  51  |    2212 |   50 |     1.140  |  (   52.820,   166.226,   450.726) |  (    0.343,     0.257,     0.485)
--------------------------------------------------------------------------------------------------------------

Event number: 1
--------------------------------------------------------------------------------------------------------------
index |     pID |  mID |    E (GeV) |            StartVertex xyz         |           Momentum xyz
   0  |    2212 |   -1 |    10.088  |  (  -26.000,    34.000,   280.000) |  (   -0.000,     0.000,    10.044)
   1  |    2212 |    0 |     1.043  |  (  -25.999,    34.000,   282.994) |  (    0.149,     0.309,    -0.300)
   2  |    2212 |    0 |     1.145  |  (  -25.999,    34.000,   282.994) |  (   -0.041,    -0.295,     0.586)
   3  |    -211 |    0 |     2.335  |  (  -25.999,    34.000,   282.994) |  (    0.086,     0.438,     2.287)
   4  |     211 |    3 |     0.437  |  (  -25.617,    36.079,   293.960) |  (    0.137,    -0.058,     0.387)
   5  |     111 |    4 |     0.372  |  (  -25.144,    35.867,   295.276) |  (   -0.172,    -0.268,     0.137)
   6  |      22 |    5 |     0.348  |  (  -25.144,    35.867,   295.276) |  (   -0.154,    -0.273,     0.151)
   7  |     -11 |    6 |     0.238  |  (  -25.413,    35.388,   295.541) |  (   -0.106,    -0.187,     0.103)
   8  |      22 |    7 |     0.104  |  (  -25.867,    34.505,   295.993) |  (   -0.044,    -0.081,     0.048)
   9  |      11 |    6 |     0.109  |  (  -25.413,    35.388,   295.541) |  (   -0.048,    -0.086,     0.048)
  10  |    2112 |    3 |     1.259  |  (  -25.617,    36.079,   293.960) |  (    0.555,     0.185,     0.599)
  11  |    2112 |   10 |     1.123  |  (  -21.716,    37.377,   298.171) |  (   -0.518,     0.057,     0.327)
  12  |    2112 |    3 |     1.697  |  (  -25.617,    36.079,   293.960) |  (   -0.071,     0.237,     1.392)
  13  |    2112 |   12 |     1.099  |  (  -28.304,    44.301,   349.088) |  (   -0.110,    -0.099,     0.552)
  14  |    2212 |   12 |     1.286  |  (  -28.304,    44.301,   349.088) |  (    0.347,     0.270,     0.762)
  15  |    2212 |   14 |     1.092  |  (  -22.643,    48.028,   361.214) |  (    0.330,     0.003,     0.450)
  16  |    2212 |    0 |     2.191  |  (  -25.999,    34.000,   282.994) |  (    0.457,    -0.387,     1.888)
  17  |    2212 |   16 |     1.235  |  (  -23.652,    32.044,   292.709) |  (    0.366,    -0.673,     0.239)
  18  |    2112 |   16 |     1.738  |  (  -23.652,    32.044,   292.709) |  (    0.167,     0.399,     1.397)
  19  |     211 |    0 |     1.063  |  (  -25.999,    34.000,   282.994) |  (   -0.129,     0.139,     1.036)
  20  |    2112 |   19 |     1.063  |  (  -32.299,    38.226,   323.631) |  (    0.137,     0.007,     0.477)
  21  |    2112 |   19 |     1.182  |  (  -32.299,    38.226,   323.631) |  (   -0.319,     0.092,     0.635)
  22  |    2212 |   21 |     1.075  |  (  -37.001,    39.578,   333.002) |  (    0.033,     0.040,     0.522)
  23  |     211 |    0 |     0.255  |  (  -25.999,    34.000,   282.994) |  (   -0.169,     0.090,    -0.092)
  24  |    2212 |    0 |     2.082  |  (  -25.999,    34.000,   282.994) |  (    0.038,    -0.048,     1.857)
  25  |    2212 |   24 |     1.498  |  (  -25.477,    30.971,   325.008) |  (    0.414,    -0.254,     1.062)
  26  |     111 |    0 |     0.282  |  (  -25.999,    34.000,   282.994) |  (    0.128,     0.020,     0.211)
  27  |      22 |   26 |     0.115  |  (  -25.999,    34.000,   282.994) |  (    0.082,     0.058,     0.054)
  28  |      11 |   27 |     0.101  |  (  -14.252,    42.277,   290.730) |  (    0.073,     0.053,     0.045)
  29  |      22 |   26 |     0.167  |  (  -25.999,    34.000,   282.994) |  (    0.046,    -0.038,     0.156)
  30  |      11 |   29 |     0.143  |  (  -23.338,    31.800,   292.053) |  (    0.038,    -0.033,     0.133)
  31  |    -211 |    0 |     1.710  |  (  -25.999,    34.000,   282.994) |  (   -0.319,     0.054,     1.673)
  32  |   1000010020 |   31 |     2.040  |  (  -29.333,    34.427,   310.360) |  (    0.787,    -0.114,     0.104)
  33  |    2212 |   31 |     1.512  |  (  -29.333,    34.427,   310.360) |  (   -0.216,     0.086,     1.163)
--------------------------------------------------------------------------------------------------------------

Event number: 2
--------------------------------------------------------------------------------------------------------------
index |     pID |  mID |    E (GeV) |            StartVertex xyz         |           Momentum xyz
   0  |    2212 |   -1 |    10.088  |  (  -26.000,    34.000,   280.000) |  (    0.000,    -0.000,    10.044)
   1  |    2112 |    0 |     1.169  |  (  -26.376,    34.914,   344.711) |  (    0.481,     0.084,    -0.494)
   2  |    2212 |    1 |     1.138  |  (  111.493,    80.118,   207.337) |  (    0.288,     0.305,    -0.489)
   3  |    2212 |    0 |     1.122  |  (  -26.376,    34.914,   344.711) |  (   -0.558,     0.143,    -0.217)
   4  |    2112 |    0 |     1.176  |  (  -26.376,    34.914,   344.711) |  (   -0.576,    -0.119,    -0.393)
   5  |    2212 |    0 |     1.056  |  (  -26.376,    34.914,   344.711) |  (   -0.213,    -0.429,    -0.075)
   6  |    -211 |    0 |     0.873  |  (  -26.376,    34.914,   344.711) |  (    0.611,    -0.338,     0.505)
   7  |    2212 |    6 |     1.053  |  (  -26.271,    34.857,   344.798) |  (    0.180,    -0.373,     0.240)
   8  |    2112 |    6 |     1.068  |  (  -26.271,    34.857,   344.798) |  (    0.491,    -0.078,    -0.099)
   9  |     111 |    0 |     0.388  |  (  -26.376,    34.914,   344.711) |  (   -0.237,    -0.050,     0.272)
  10  |      22 |    9 |     0.368  |  (  -26.376,    34.914,   344.711) |  (   -0.227,    -0.043,     0.287)
  11  |      11 |   10 |     0.352  |  (  -27.364,    34.727,   345.962) |  (   -0.216,    -0.040,     0.275)
  12  |    2112 |    0 |     1.424  |  (  -26.376,    34.914,   344.711) |  (   -0.621,     0.438,     0.754)
  13  |    2112 |   12 |     1.311  |  (  -30.441,    37.782,   349.653) |  (   -0.376,     0.671,     0.494)
  14  |    2112 |   13 |     1.293  |  ( -178.154,   282.282,   526.358) |  (   -0.554,     0.612,     0.329)
  15  |    2112 |   14 |     1.213  |  ( -192.549,   298.183,   534.917) |  (   -0.231,     0.530,     0.504)
  16  |    2112 |   15 |     1.050  |  ( -196.376,   306.958,   543.275) |  (   -0.358,     0.298,    -0.061)
  17  |    2112 |   15 |     1.065  |  ( -196.376,   306.958,   543.275) |  (    0.094,     0.241,     0.431)
  18  |    2212 |    0 |     1.246  |  (  -26.376,    34.914,   344.711) |  (    0.716,     0.399,     0.005)
  19  |    2112 |    0 |     1.141  |  (  -26.376,    34.914,   344.711) |  (   -0.121,    -0.466,     0.432)
  20  |    2112 |    0 |     1.246  |  (  -26.376,    34.914,   344.711) |  (   -0.683,     0.262,    -0.369)
  21  |    2112 |   20 |     1.186  |  ( -272.084,   112.119,   242.209) |  (   -0.623,     0.369,     0.010)
  22  |    2212 |   21 |     1.122  |  ( -292.592,   124.282,   242.554) |  (   -0.410,     0.437,     0.137)
  23  |     111 |    0 |     0.612  |  (  -26.376,    34.914,   344.711) |  (    0.019,     0.082,     0.591)
  24  |      22 |   23 |     0.593  |  (  -26.376,    34.914,   344.711) |  (    0.035,     0.073,     0.587)
  25  |     -11 |   24 |     0.513  |  (  -26.369,    34.929,   344.839) |  (    0.030,     0.063,     0.508)
  26  |      22 |   25 |     0.340  |  (  -26.361,    34.948,   344.972) |  (    0.022,     0.051,     0.336)
  27  |      11 |   26 |     0.327  |  (  -26.257,    35.189,   346.560) |  (    0.021,     0.049,     0.323)
  28  |    2112 |    0 |     1.201  |  (  -26.376,    34.914,   344.711) |  (    0.412,     0.412,     0.468)
  29  |    2112 |   28 |     1.155  |  (  -16.843,    44.449,   355.541) |  (    0.163,     0.585,     0.286)
  30  |    2112 |   29 |     1.116  |  (   30.288,   213.584,   438.170) |  (    0.264,     0.520,     0.151)
  31  |    2112 |   30 |     1.047  |  (   96.314,   398.507,   519.946) |  (    0.018,     0.461,    -0.026)
  32  |     211 |    0 |     0.419  |  (  -26.376,    34.914,   344.711) |  (   -0.111,    -0.134,     0.355)
  33  |    2112 |    0 |     1.218  |  (  -26.376,    34.914,   344.711) |  (   -0.106,    -0.183,     0.746)
  34  |    2112 |   33 |     1.204  |  (  -27.069,    33.713,   349.600) |  (   -0.068,    -0.178,     0.728)
  35  |    2112 |   34 |     1.060  |  (  -29.077,    28.503,   370.943) |  (   -0.165,     0.274,     0.371)
  36  |    2212 |    0 |     2.463  |  (  -26.376,    34.914,   344.711) |  (   -0.263,    -0.786,     2.121)
  37  |    2112 |   36 |     2.031  |  (  -27.880,    29.799,   358.389) |  (   -0.556,    -0.498,     1.638)
  38  |    2112 |   37 |     1.164  |  (  -49.521,    10.676,   419.964) |  (   -0.508,    -0.111,     0.448)
  39  |    2112 |   38 |     1.122  |  ( -164.522,    -7.724,   491.273) |  (   -0.599,    -0.075,     0.110)
  40  |    2112 |   39 |     1.096  |  ( -167.968,    -8.156,   491.907) |  (   -0.562,     0.009,     0.051)
  41  |    2212 |   37 |     1.247  |  (  -49.521,    10.676,   419.964) |  (    0.013,    -0.506,     0.646)
  42  |     111 |   37 |     0.498  |  (  -49.521,    10.676,   419.964) |  (   -0.211,    -0.025,     0.430)
  43  |      22 |   42 |     0.457  |  (  -49.521,    10.676,   419.964) |  (   -0.172,    -0.036,     0.422)
  44  |     -11 |   43 |     0.423  |  (  -50.467,    10.476,   422.285) |  (   -0.159,    -0.034,     0.390)
  45  |      22 |   44 |     0.112  |  (  -50.690,    10.417,   422.842) |  (   -0.039,    -0.012,     0.105)
  46  |      22 |   44 |     0.104  |  (  -50.672,    10.423,   422.795) |  (   -0.035,    -0.012,     0.097)
--------------------------------------------------------------------------------------------------------------

