Event number: 0
--------------------------------------------------------------------------------------------------------------
index |     pID |  mID |    E (GeV) |            StartVertex xyz         |           Momentum xyz
   0  |    2212 |   -1 |    10.044  |  (    0.000,     0.000,     0.000) |  (    0.000,     0.000,    10.000)
   1  |    2212 |    0 |     1.101  |  (    0.304,     0.759,    47.173) |  (    0.061,     0.454,    -0.347)
   2  |    2212 |    0 |     1.135  |  (    0.304,     0.759,    47.173) |  (   -0.078,     0.309,     0.554)
   3  |     211 |    0 |     0.245  |  (    0.304,     0.759,    47.173) |  (    0.175,     0.073,     0.067)
   4  |     111 |    0 |     0.388  |  (    0.304,     0.759,    47.173) |  (   -0.049,    -0.053,     0.357)
   5  |      22 |    4 |     0.363  |  (    0.304,     0.759,    47.173) |  (   -0.032,    -0.035,     0.360)
   6  |     -11 |    5 |     0.254  |  (   -0.670,    -0.306,    58.132) |  (   -0.022,    -0.025,     0.252)
   7  |      11 |    5 |     0.109  |  (   -0.670,    -0.306,    58.132) |  (   -0.009,    -0.011,     0.108)
   8  |    2112 |    0 |     1.298  |  (    0.304,     0.759,    47.173) |  (    0.689,    -0.216,     0.531)
   9  |    2112 |    8 |     1.191  |  (   74.022,   -25.308,   106.491) |  (    0.498,     0.094,     0.528)
  10  |    2112 |    9 |     1.166  |  (  123.415,   -15.979,   158.832) |  (    0.491,     0.037,     0.483)
  11  |    2112 |   10 |     1.154  |  (  145.523,   -14.333,   180.605) |  (    0.536,     0.232,     0.330)
  12  |    2112 |   11 |     1.124  |  (  153.465,   -10.892,   185.504) |  (    0.504,     0.346,     0.088)
  13  |    2112 |   12 |     1.067  |  (  157.965,    -7.804,   186.289) |  (    0.021,     0.144,     0.485)
  14  |    -211 |    0 |     1.176  |  (    0.304,     0.759,    47.173) |  (   -0.093,     0.213,     1.144)
  15  |    -211 |   14 |     0.530  |  (   -2.238,     6.943,    83.109) |  (   -0.152,     0.255,     0.416)
  16  |    2112 |   15 |     1.074  |  (   -8.437,    20.182,   113.857) |  (    0.469,     0.206,     0.095)
  17  |    2212 |    0 |     6.949  |  (    0.304,     0.759,    47.173) |  (   -0.271,    -0.167,     6.878)
  18  |     211 |   17 |     0.556  |  (   -0.117,     0.549,    57.614) |  (    0.201,     0.045,     0.497)
  19  |     111 |   17 |     2.457  |  (   -0.117,     0.549,    57.614) |  (   -0.282,    -0.696,     2.335)
  20  |      22 |   19 |     1.803  |  (   -0.117,     0.549,    57.614) |  (   -0.152,    -0.494,     1.727)
  21  |     -11 |   20 |     1.585  |  (   -0.710,    -1.383,    64.368) |  (   -0.133,    -0.435,     1.518)
  22  |      22 |   21 |     0.774  |  (   -1.710,    -4.684,    75.914) |  (   -0.067,    -0.213,     0.741)
  23  |     -11 |   22 |     0.447  |  (   -5.109,   -15.408,   113.242) |  (   -0.039,    -0.124,     0.428)
  24  |      22 |   23 |     0.315  |  (   -6.219,   -18.782,   124.933) |  (   -0.027,    -0.075,     0.305)
  25  |     -11 |   24 |     0.223  |  (   -8.169,   -24.275,   147.112) |  (   -0.019,    -0.053,     0.215)
  26  |      11 |   22 |     0.327  |  (   -5.109,   -15.408,   113.242) |  (   -0.029,    -0.089,     0.313)
  27  |      22 |   21 |     0.143  |  (   -1.401,    -3.707,    72.511) |  (   -0.013,    -0.039,     0.137)
  28  |     -11 |   27 |     0.114  |  (   -2.433,    -6.909,    83.657) |  (   -0.010,    -0.031,     0.109)
  29  |      22 |   21 |     0.439  |  (   -0.850,    -1.850,    66.004) |  (   -0.035,    -0.120,     0.421)
  30  |     -11 |   29 |     0.309  |  (   -1.534,    -3.818,    73.075) |  (   -0.031,    -0.081,     0.297)
  31  |      11 |   20 |     0.218  |  (   -0.710,    -1.383,    64.368) |  (   -0.019,    -0.059,     0.209)
  32  |      22 |   19 |     0.654  |  (   -0.117,     0.549,    57.614) |  (   -0.131,    -0.202,     0.608)
  33  |     -11 |   32 |     0.511  |  (   -0.754,    -0.437,    60.577) |  (   -0.102,    -0.159,     0.475)
  34  |      22 |   33 |     0.119  |  (   -2.142,    -2.455,    66.732) |  (   -0.026,    -0.036,     0.111)
  35  |      11 |   34 |     0.101  |  (  -15.369,   -21.120,   123.395) |  (   -0.022,    -0.031,     0.094)
  36  |      11 |   32 |     0.143  |  (   -0.754,    -0.437,    60.577) |  (   -0.028,    -0.045,     0.133)
  37  |    2212 |   17 |     1.598  |  (   -0.117,     0.549,    57.614) |  (   -0.056,    -0.227,     1.273)
  38  |    2112 |   37 |     1.065  |  (   -0.383,    -0.307,    62.321) |  (   -0.006,    -0.456,     0.210)
  39  |    2212 |   38 |     1.062  |  (  -12.063,   -28.773,    70.779) |  (   -0.170,    -0.444,     0.144)
  40  |    2212 |   37 |     1.124  |  (   -0.383,    -0.307,    62.321) |  (   -0.099,    -0.121,     0.599)
  41  |     111 |   17 |     0.672  |  (   -0.117,     0.549,    57.614) |  (    0.144,     0.336,     0.547)
  42  |      22 |   41 |     0.602  |  (   -0.117,     0.549,    57.614) |  (    0.093,     0.313,     0.507)
  43  |     -11 |   42 |     0.379  |  (    1.665,     6.528,    67.304) |  (    0.059,     0.196,     0.318)
  44  |      11 |   42 |     0.224  |  (    1.665,     6.528,    67.304) |  (    0.035,     0.116,     0.188)
  45  |     111 |   17 |     0.410  |  (   -0.117,     0.549,    57.614) |  (   -0.063,     0.273,     0.267)
  46  |      22 |   45 |     0.335  |  (   -0.117,     0.549,    57.614) |  (   -0.005,     0.238,     0.236)
  47  |      11 |   46 |     0.286  |  (   -0.197,     4.547,    61.570) |  (   -0.004,     0.204,     0.201)
  48  |    2112 |   17 |     2.146  |  (   -0.117,     0.549,    57.614) |  (   -0.239,     0.134,     1.910)
  49  |    2112 |   48 |     1.410  |  (   -1.181,     1.147,    66.134) |  (   -0.724,    -0.020,     0.763)
  50  |    2212 |   49 |     1.325  |  (   -7.704,     0.852,    72.899) |  (   -0.397,     0.377,     0.759)
  51  |    2112 |   50 |     1.262  |  (  -10.168,     3.261,    77.750) |  (   -0.256,     0.293,     0.747)
  52  |    2112 |   51 |     1.077  |  (  -17.595,    11.777,    99.445) |  (   -0.189,     0.475,     0.124)
  53  |    2212 |   52 |     1.051  |  (  -18.110,    13.077,    99.784) |  (   -0.327,     0.309,     0.147)
  54  |    2112 |   48 |     1.429  |  (   -1.181,     1.147,    66.134) |  (    0.194,    -0.125,     1.052)
  55  |    2212 |   54 |     1.391  |  (   12.667,    -7.666,   148.614) |  (    0.296,    -0.284,     0.941)
--------------------------------------------------------------------------------------------------------------

Event number: 1
--------------------------------------------------------------------------------------------------------------
index |     pID |  mID |    E (GeV) |            StartVertex xyz         |           Momentum xyz
   0  |    2212 |   -1 |    10.044  |  (    0.000,     0.000,     0.000) |  (   -0.000,     0.000,    10.000)
   1  |   1000030040 |    0 |     3.934  |  (   -0.008,    -0.020,    20.023) |  (    0.694,    -0.819,     0.517)
   2  |   1000020030 |    1 |     2.931  |  (   -0.008,    -0.020,    20.023) |  (    0.481,    -0.558,     0.398)
   3  |    2212 |    0 |     1.601  |  (   -0.008,    -0.020,    20.023) |  (   -0.691,     0.855,    -0.688)
   4  |    2112 |    0 |     1.227  |  (   -0.008,    -0.020,    20.023) |  (   -0.467,     0.329,     0.545)
   5  |     211 |    0 |     0.456  |  (   -0.008,    -0.020,    20.023) |  (    0.214,    -0.070,     0.371)
   6  |    2212 |    5 |     1.085  |  (   11.925,    -9.449,    32.456) |  (   -0.371,     0.387,    -0.101)
   7  |    2212 |    0 |     1.110  |  (   -0.008,    -0.020,    20.023) |  (   -0.162,    -0.467,     0.327)
   8  |    2112 |    0 |     1.053  |  (   -0.008,    -0.020,    20.023) |  (   -0.342,    -0.081,     0.322)
   9  |    2112 |    0 |     1.377  |  (   -0.008,    -0.020,    20.023) |  (   -0.052,     0.092,     1.002)
  10  |    2212 |    9 |     1.072  |  (   -2.949,     5.221,    77.060) |  (    0.475,    -0.003,     0.209)
  11  |    2112 |    9 |     1.136  |  (   -2.949,     5.221,    77.060) |  (   -0.200,     0.259,     0.549)
  12  |     111 |    0 |     0.814  |  (   -0.008,    -0.020,    20.023) |  (    0.059,     0.201,     0.774)
  13  |      22 |   12 |     0.517  |  (   -0.008,    -0.020,    20.023) |  (    0.037,     0.066,     0.512)
  14  |      11 |   13 |     0.432  |  (    0.251,     0.437,    23.576) |  (    0.031,     0.056,     0.428)
  15  |      22 |   14 |     0.196  |  (    1.179,     1.948,    38.012) |  (    0.009,     0.022,     0.195)
  16  |     -11 |   15 |     0.183  |  (    1.994,     4.020,    56.533) |  (    0.008,     0.020,     0.182)
  17  |      22 |   16 |     0.153  |  (    2.152,     4.249,    58.718) |  (    0.011,     0.015,     0.152)
  18  |     -11 |   17 |     0.116  |  (    5.350,     8.424,   101.150) |  (    0.008,     0.013,     0.115)
  19  |      22 |   12 |     0.296  |  (   -0.008,    -0.020,    20.023) |  (    0.022,     0.135,     0.263)
  20  |      11 |   19 |     0.289  |  (    3.099,    19.099,    57.169) |  (    0.021,     0.132,     0.256)
  21  |    2112 |    0 |     1.111  |  (   -0.008,    -0.020,    20.023) |  (    0.341,     0.331,     0.353)
  22  |    -211 |    0 |     1.637  |  (   -0.008,    -0.020,    20.023) |  (   -0.206,    -0.013,     1.618)
  23  |    -211 |   22 |     1.490  |  (   -2.104,    -0.192,    38.088) |  (    0.145,     0.113,     1.472)
  24  |    2212 |   23 |     1.069  |  (    5.609,     3.758,   125.826) |  (    0.443,     0.255,    -0.028)
  25  |    2112 |   23 |     1.081  |  (    5.609,     3.758,   125.826) |  (   -0.158,     0.352,    -0.371)
  26  |    2112 |   25 |     1.054  |  (    3.942,     7.462,   121.917) |  (   -0.017,     0.237,    -0.414)
  27  |    2212 |   23 |     1.160  |  (    5.609,     3.758,   125.826) |  (   -0.273,    -0.163,     0.602)
  28  |    2212 |   23 |     1.422  |  (    5.609,     3.758,   125.826) |  (    0.322,    -0.568,     0.846)
  29  |    2112 |   28 |     1.210  |  (   12.708,    -9.706,   146.600) |  (    0.328,    -0.480,     0.494)
  30  |    2112 |   29 |     1.111  |  (   28.706,   -32.688,   170.916) |  (   -0.032,    -0.581,     0.119)
  31  |    2212 |   30 |     1.050  |  (   27.729,   -50.671,   174.588) |  (    0.100,    -0.448,    -0.108)
  32  |     111 |    0 |     0.434  |  (   -0.008,    -0.020,    20.023) |  (    0.267,     0.098,     0.299)
  33  |      22 |   32 |     0.296  |  (   -0.008,    -0.020,    20.023) |  (    0.203,     0.120,     0.178)
  34  |     -11 |   33 |     0.268  |  (    1.935,     1.132,    21.733) |  (    0.183,     0.109,     0.162)
  35  |      22 |   32 |     0.139  |  (   -0.008,    -0.020,    20.023) |  (    0.064,    -0.022,     0.121)
  36  |     -11 |   35 |     0.102  |  (   10.892,    -3.836,    40.526) |  (    0.048,    -0.016,     0.089)
  37  |    -211 |    0 |     0.664  |  (   -0.008,    -0.020,    20.023) |  (    0.113,     0.126,     0.627)
  38  |     111 |   37 |     0.225  |  (    7.880,     4.239,    53.067) |  (   -0.049,    -0.066,     0.160)
  39  |      22 |   38 |     0.136  |  (    7.880,     4.239,    53.067) |  (   -0.085,    -0.072,     0.079)
  40  |     -11 |   39 |     0.119  |  (   -4.658,    -6.329,    64.668) |  (   -0.074,    -0.063,     0.069)
  41  |    2212 |    0 |     1.996  |  (   -0.008,    -0.020,    20.023) |  (   -0.106,    -0.567,     1.664)
  42  |    2212 |   41 |     1.120  |  (   -0.380,    -1.991,    25.794) |  (    0.046,    -0.008,     0.610)
  43  |     111 |   41 |     0.397  |  (   -0.380,    -1.991,    25.794) |  (    0.243,     0.105,     0.263)
  44  |      22 |   43 |     0.356  |  (   -0.380,    -1.991,    25.794) |  (    0.258,     0.096,     0.226)
  45  |     -11 |   44 |     0.277  |  (    0.255,    -1.755,    26.351) |  (    0.201,     0.074,     0.176)
  46  |    2112 |   41 |     1.278  |  (   -0.380,    -1.991,    25.794) |  (   -0.350,    -0.278,     0.742)
  47  |    2112 |   46 |     1.238  |  (  -19.251,   -16.952,    65.806) |  (   -0.325,    -0.381,     0.632)
  48  |    2112 |   47 |     1.065  |  (  -23.067,   -21.434,    73.232) |  (   -0.212,    -0.409,     0.197)
  49  |    2112 |   47 |     1.091  |  (  -23.067,   -21.434,    73.232) |  (   -0.294,    -0.015,     0.471)
  50  |     211 |    0 |     0.247  |  (   -0.008,    -0.020,    20.023) |  (    0.011,    -0.175,     0.103)
  51  |    2112 |    0 |     2.324  |  (   -0.008,    -0.020,    20.023) |  (   -0.157,     0.281,     2.101)
  52  |    2112 |   51 |     1.061  |  (    6.260,   -36.186,    48.220) |  (    0.232,    -0.432,     0.045)
  53  |    2112 |   52 |     1.046  |  (    8.446,   -40.254,    48.645) |  (    0.285,    -0.085,     0.349)
  54  |    2212 |   51 |     2.121  |  (   -0.053,     0.059,    20.615) |  (   -0.246,     0.791,     1.712)
  55  |    2212 |   54 |     1.834  |  (   -1.175,     3.606,    28.100) |  (   -0.010,     1.145,     1.084)
  56  |    2212 |   55 |     1.088  |  (   -1.215,     6.373,    30.734) |  (    0.117,     0.191,     0.503)
  57  |    2212 |   55 |     1.163  |  (   -1.215,     6.373,    30.734) |  (   -0.143,     0.622,     0.257)
  58  |     111 |   55 |     0.484  |  (   -1.215,     6.373,    30.734) |  (    0.208,     0.372,     0.185)
  59  |      22 |   58 |     0.133  |  (   -1.215,     6.373,    30.734) |  (    0.043,     0.073,     0.102)
  60  |      22 |   58 |     0.351  |  (   -1.215,     6.373,    30.734) |  (    0.165,     0.299,     0.083)
  61  |     -11 |   60 |     0.322  |  (  134.930,   253.323,    99.759) |  (    0.151,     0.274,     0.077)
--------------------------------------------------------------------------------------------------------------

Event number: 2
--------------------------------------------------------------------------------------------------------------
index |     pID |  mID |    E (GeV) |            StartVertex xyz         |           Momentum xyz
   0  |    2212 |   -1 |    10.044  |  (    0.000,     0.000,     0.000) |  (   -0.000,    -0.000,    10.000)
   1  |    2112 |    0 |     1.607  |  (    1.046,    -0.460,   115.554) |  (    0.502,    -0.144,     1.194)
   2  |    2212 |    1 |     1.046  |  (    2.986,    -1.018,   120.173) |  (   -0.068,    -0.290,     0.353)
   3  |    -211 |    1 |     0.261  |  (    2.986,    -1.018,   120.173) |  (    0.099,     0.038,     0.194)
   4  |    2212 |    1 |     1.238  |  (    2.986,    -1.018,   120.173) |  (    0.471,     0.108,     0.648)
   5  |     111 |    0 |     0.508  |  (    1.046,    -0.460,   115.554) |  (    0.017,     0.238,     0.428)
   6  |      22 |    5 |     0.240  |  (    1.046,    -0.460,   115.554) |  (   -0.012,     0.168,     0.170)
   7  |      11 |    6 |     0.150  |  (   -0.007,    14.218,   130.400) |  (   -0.008,     0.105,     0.107)
   8  |      22 |    5 |     0.268  |  (    1.046,    -0.460,   115.554) |  (    0.029,     0.070,     0.257)
   9  |      11 |    8 |     0.186  |  (    5.808,    10.970,   157.805) |  (    0.019,     0.046,     0.179)
  10  |     111 |    0 |     1.039  |  (    1.046,    -0.460,   115.554) |  (    0.011,    -0.096,     1.026)
  11  |      22 |   10 |     0.635  |  (    1.046,    -0.460,   115.554) |  (   -0.030,    -0.113,     0.625)
  12  |     -11 |   11 |     0.625  |  (   -0.137,    -4.855,   139.873) |  (   -0.030,    -0.111,     0.615)
  13  |      22 |   12 |     0.544  |  (   -0.181,    -5.044,   140.945) |  (   -0.020,    -0.091,     0.536)
  14  |     -11 |   13 |     0.484  |  (   -0.664,    -7.289,   154.124) |  (   -0.018,    -0.082,     0.477)
  15  |      22 |   14 |     0.214  |  (   -0.793,    -7.965,   158.024) |  (   -0.006,    -0.037,     0.211)
  16  |     -11 |   15 |     0.195  |  (   -1.538,   -12.784,   185.793) |  (   -0.006,    -0.032,     0.193)
  17  |      22 |   16 |     0.133  |  (   -1.606,   -13.283,   188.747) |  (   -0.024,    -0.031,     0.127)
  18  |      11 |   17 |     0.130  |  (   -4.341,   -16.803,   203.391) |  (   -0.022,    -0.030,     0.124)
  19  |      22 |   10 |     0.404  |  (    1.046,    -0.460,   115.554) |  (    0.041,     0.017,     0.401)
  20  |      11 |   19 |     0.390  |  (    3.230,     0.448,   136.840) |  (    0.040,     0.017,     0.388)
  21  |     211 |    0 |     0.418  |  (    1.046,    -0.460,   115.554) |  (    0.128,    -0.003,     0.372)
  22  |    2112 |   21 |     1.072  |  (   12.572,     0.161,   153.016) |  (    0.031,     0.496,     0.138)
  23  |    2212 |    0 |     5.707  |  (    1.046,    -0.460,   115.554) |  (   -0.606,     0.116,     5.595)
  24  |    2212 |   23 |     5.513  |  (   -1.763,     0.036,   140.982) |  (   -0.598,    -0.191,     5.396)
  25  |    -211 |   24 |     0.250  |  (   -2.178,    -0.093,   144.705) |  (   -0.137,     0.135,    -0.077)
  26  |    2112 |   24 |     1.052  |  (   -2.178,    -0.093,   144.705) |  (   -0.273,    -0.229,     0.313)
  27  |     211 |   24 |     0.328  |  (   -2.178,    -0.093,   144.705) |  (    0.172,    -0.074,     0.230)
  28  |    -211 |   24 |     0.673  |  (   -2.178,    -0.093,   144.705) |  (   -0.203,     0.384,     0.495)
  29  |    2212 |   28 |     1.139  |  ( -121.676,   274.523,   451.960) |  (    0.139,    -0.374,     0.508)
  30  |    2112 |   24 |     1.599  |  (   -2.178,    -0.093,   144.705) |  (   -0.007,     0.016,     1.293)
  31  |    2112 |   30 |     1.331  |  (   -2.486,     0.555,   211.758) |  (   -0.199,    -0.285,     0.876)
  32  |    2212 |   31 |     1.060  |  (  -16.528,   -19.579,   273.635) |  (   -0.397,    -0.291,    -0.023)
  33  |    2212 |   31 |     1.103  |  (  -16.528,   -19.579,   273.635) |  (    0.282,    -0.416,     0.290)
  34  |    2212 |   33 |     1.074  |  (  -16.424,   -19.732,   273.742) |  (    0.074,    -0.365,     0.365)
  35  |     211 |   24 |     0.935  |  (   -2.178,    -0.093,   144.705) |  (    0.064,     0.122,     0.915)
  36  |     211 |   35 |     0.732  |  (   -1.282,     1.919,   158.711) |  (   -0.338,     0.351,     0.528)
  37  |     211 |   36 |     0.485  |  (  -14.122,    15.617,   179.593) |  (   -0.402,    -0.048,     0.227)
  38  |     111 |   24 |     1.274  |  (   -2.178,    -0.093,   144.705) |  (   -0.420,    -0.380,     1.133)
  39  |      22 |   38 |     0.379  |  (   -2.178,    -0.093,   144.705) |  (   -0.171,    -0.142,     0.308)
  40  |     -11 |   39 |     0.363  |  (  -10.799,    -7.234,   160.217) |  (   -0.164,    -0.136,     0.294)
  41  |      22 |   40 |     0.109  |  (  -14.375,   -10.108,   166.273) |  (   -0.050,    -0.042,     0.088)
  42  |      22 |   38 |     0.894  |  (   -2.178,    -0.093,   144.705) |  (   -0.249,    -0.239,     0.825)
  43  |     -11 |   42 |     0.624  |  (   -9.060,    -6.696,   167.551) |  (   -0.174,    -0.167,     0.576)
  44  |      22 |   43 |     0.101  |  (  -13.902,   -11.242,   184.308) |  (   -0.025,     0.001,     0.098)
  45  |      22 |   43 |     0.191  |  (  -12.670,   -10.343,   179.945) |  (   -0.051,    -0.054,     0.176)
  46  |     -11 |   45 |     0.119  |  (  -25.054,   -23.515,   222.697) |  (   -0.031,    -0.034,     0.110)
  47  |      22 |   43 |     0.196  |  (  -11.289,    -8.902,   175.096) |  (   -0.053,    -0.054,     0.181)
  48  |      11 |   47 |     0.196  |  (  -16.916,   -14.605,   194.218) |  (   -0.054,    -0.054,     0.181)
  49  |      11 |   42 |     0.270  |  (   -9.060,    -6.696,   167.551) |  (   -0.075,    -0.072,     0.249)
  50  |    -211 |    0 |     1.079  |  (    1.046,    -0.460,   115.554) |  (    0.259,    -0.099,     1.033)
  51  |    2112 |   50 |     1.077  |  (   22.404,    -9.125,   196.063) |  (   -0.068,    -0.428,     0.299)
  52  |    2112 |   51 |     1.058  |  (   20.385,   -21.741,   204.869) |  (    0.026,    -0.432,     0.223)
  53  |    2212 |   50 |     1.093  |  (   22.404,    -9.125,   196.063) |  (   -0.550,    -0.022,     0.110)
  54  |    2112 |   50 |     1.224  |  (   22.404,    -9.125,   196.063) |  (    0.677,     0.183,     0.353)
  55  |    2112 |   54 |     1.197  |  (   42.959,    -3.561,   206.777) |  (    0.709,     0.057,     0.212)
  56  |    2212 |   55 |     1.179  |  (   56.934,    -2.435,   210.948) |  (    0.712,    -0.000,     0.039)
--------------------------------------------------------------------------------------------------------------

